108346
108460
131687
188854
176102
119438
188349
155088
120257
121759
127002
136423
198761
138364
176205
165286
110666
196414
105636
124510
123187
117042
106590
196322
154188
167391
113646
194414
179417
158820
114378
129275
139593
114037
164241
151492
153971
135087
121087
194995
188231
127770
121525
144416
199128
132138
140333
168210
127644
158404
161088
173999
137682
181116
194061
185711
112349
125506
174740
194778
124480
129168
177706
134130
187045
199480
158157
176114
128744
111203
116936
169607
173470
103685
189205
147696
177617
196351
163189
110247
155243
170459
101121
144429
130694
127296
130265
130020
170990
144663
138942
144983
139683
197775
126360
199851
138749
169705
177920
131709
155308
174933
141271
169997
133317
172683
161097
105869
151410
129579
135386
185834
193738
194641
170829
144464
154516
130654
109556
195427
166346
168224
166096
149822
162988
112146
108888
180713
199969
177541
136642
165520
155687
100921
193793
129690
183040
159204
187778
156307
153555
179130
170570
155069
158369
123776
134908
170079
183180
172447
179667
173155
194425
150705
177162
151416
112571
102223
101342
130367
196170
136272
152101
174215
195041
150267
123745
112755
133275
169200
193511
191613
179807
155167
139701
172088
107133
167263
129324
154015
160930
100888
153017
138178
178243
191747
147237
152895
162718
101674
126872
148126
191154
168144
132252
144061
157492
158916
189421
144943
166758
108518
149366
165763
150830
199326
144507
135657
151135
195433
162585
187438
109161
114805
109991
145877
149195
141693
104534
128966
185698
195696
181896
130340
160801
114673
194128
190619
116880
118230
139877
180865
116225
178611
178358
147296
134174
149092
148720
191070
185052
100283
101482
126498
134340
151651
124703
107901
148154
115499
140545
154256
116188
184508
148772
176428
148105
120688
110300
182869
175350
147949
172109
126470
127024
174161
132776
142284
112311
161686
187232
134054
143496
186030
183200
173729
161404
191141
190230
151889
145773
156324
114692
171730
150409
199723
101471
152683
150975
123797
147989
101478
145014
132328
171835
163666
142999
193812
120767
103441
111007
122149
199125
147978
112718
191098
176358
158722
112021
183036
145236
120962
169767
160126
156416
127108
130589
131424
168718
125819
186231
131319
180052
134528
142514
121040
184501
178660
144046
194503
142916
155802
157135
188533
152490
151258
123703
110426
180728
132579
163684
120806
192247
189409
135660
190470
198692
144240
163120
107849
191072
126220
178072
172265
173457
165752
114043
116104
178752
106323
150427
158847
181631
168308
191738
198789
165985
183958
175894
134148
100610
120702
175626
137092
186485
154395
126622
131731
148216
158496
136416
178390
146494
116250
113137
152337
129826
197526
136828
194017
146522
164268
184608
158352
166567
180992
129844
104921
182359
170132
143782
157094
138569
162763
134128
193022
152109
109726
173239
190755
192513
176832
139529
148903
104615
199585
162699
128165
187200
108090
151351
110765
125487
169183
107921
136863
168138
103205
179148
199742
117181
102074
194022
114716
149478
171280
184124
145839
153060
132904
179348
134981
145778
193194
152213
107086
160598
180458
118673
184194
122977
149311
191801
161644
195835
178646
179233
164950
140197
152067
164340
108622
196730
155856
143968
107866
193475
178007
144311
126403
127121
190435
103196
187991
195960
167228
108903
142801
116683
136621
133851
102624
114729
123681
127545
100991
166533
128149
139899
150216
128004
114623
124281
182178
193479
139732
185351
178515
102928
120107
138436
165851
143924
130450
193916
133918
199014
122457
129220
173397
164699
176310
139461
134466
130576
122961
134914
166409
118783
136206
176904
151534
159959
121063
199039
122472
182167
131876
149807
162430
199094
153730
153663
176766
139125
174428
132989
121640
176848
135409
173042
183027
168832
155464
111795
195272
181598
179798
166019
195722
187021
163448
153751
100910
170699
164048
175157
105414
105348
181976
120530
166312
164815
194903
136799
175246
150913
121188
109975
131376
191038
181664
189561
127834
122837
126896
107821
143701
103837
181777
166145
136183
115492
189539
105670
115790
155907
145381
149040
175768
155020
139249
171446
177525
151449
183018
114173
177797
187141
159100
149565
166259
144004
113243
105852
161889
199444
117307
152789
147112
100249
153318
102997
141343
154473
154922
133870
144559
106966
193782
122821
140970
181307
159529
142315
199888
117159
142012
111760
145596
178900
198606
158685
151280
173422
194004
127194
188670
144908
108551
176736
103308
124290
174714
184185
184088
120124
118797
112966
152360
126212
107844
171639
108233
127584
115271
139707
164745
130405
172460
187150
149698
182149
140344
123314
194754
118540
151931
141287
172810
143915
139927
134937
177318
197480
175329
113055
143943
106768
177037
186278
181954
185677
133004
198087
172714
121129
106812
187978
128443
133097
116607
182658
129975
134345
123136
118838
132226
159943
130220
138130
137662
195167
136685
197678
154874
113282
106782
169413
120116
195660
104218
140565
107524
112153
152190
151155
109632
194460
110548
187643
107010
148244
121623
128616
187210
157572
147626
185074
178775
146195
122196
106910
124534
129561
161204
156914
158552
139951
194748
149795
141246
148690
150276
127370
108451
135882
193434
188947
126806
148488
102951
101973
175645
176876
143184
176190
154087
162843
107533
198488
199561
158236
131598
163557
156739
161383
161468
186228
164303
171380
133453
158305
123607
161142
151470
191198
182938
146598
115130
151096
104679
141439
141126
109340
176330
193895
159710
103997
185243
199626
193667
174095
117406
148117
160196
107930
121273
133047
197100
100769
170452
145714
168242
173560
103209
118746
170252
158979
115592
115884
189107
177557
172469
132717
118886
110793
151833
151108
153092
130158
145541
116651
152534
113352
170261
137963
192506
151250
167019
132067
140079
184430
161352
147559
133616
169668
195785
170370
102350
146895
192446
116857
133134
121590
149027
144355
156241
155583
176162
143980
119143
122286
188679
126347
181113
182186
176493
131235
106704
149320
173634
185536
102261
178643
168170
137062
150329
137457
177532
155916
105444
177283
105472
129142
194698
127007
146086
105588
172739
137729
186726
139324
108013
131536
160019
140997
109463
121815
117787
117655
146035
117339
109789
109951
112409
153998
192463
181523
161562
165568
137373
185113
122068
198705
119923
147647
194146
120588
115571
154616
191310
140638
138817
155810
110675
107731
153153
161034
191656
149953
179488
156006
102190
111577
138309
127682
138288
136699
173844
134977
179210
143541
122817
170234
186338
139389
116757
108604
143159
106627
141792
195012
145684
196145
159580
142460
173439
175147
122850
104956
194717
126241
177913
123540
171108
166323
157322
187615
177446
103227
144914
149356
163474
149534
164259
198397
171598
116445
162165
114279
183899
115011
120742
180531
191983
154196
140312
112374
124799
101611
167803
127712
154719
121962
119171
128971
134235
159314
148709
181937
172843
154470
188066
171458
170404
102834
187489
182684
102321